46722
28085
56852
52369
46179
42592
28269
37945
55140
35054
27644
24603
23164
8000
9554
15183
1887
42348
32934
30575
33174
26981
29332
23864
22441
17069
11886
16617
12062
20537
14871
2976
10
2340
6276
11409
9985
9414
12418
9343
5747
948
11042
1747
33064
34797
37879
47097
35935
26258
23287
20676
21548
14623
16525
16770
14871
14304
18909
20220
19486
16922
17030
15436
13712
15065
13048
13923
14297
43
27242
19382
17178
17265
19670
20139
23018
20589
22357
22894
26923
30467
32202
28134
57769
46096
32800
34963
60080
64143
57858
46535
43153
47415
51315
51669
43220
38092
50806
49056
38817
24474
13403
31883
23602
14247
13316
10331
5936
2161
0
14709
6405
5672
7451
14720
12623
10648
9134
10708
12563
6589
2178
0
7300
5222
11978
7236
7699
8077
3903
4623
20643
14062
8648
15534
13064
12423
11398
9727
12930
11323
9953
11474
11463
12272
8325
6783
19163
9781
14040
13873
10719
10622
0
22074
13922
5435
0
13515
17994
5402
0
21832
9640
10988
8659
9565
10234
10589
11545
11823
11071
9622
9187
10601
10298
11161
10212
8659
2318
0
647
0
29332
7937
7602
8325
9603
12543
16449
8893
23478
20953
18224
12342
17621
26286
28072
29421
26873
30996
19767
15798
24684
28341
31768
35020
38097
38809
36776
30830
27659
24774
30567
25072
35597
29670
38936
49511
35574
39802
35902
36923
42251
45870
36503
29081
48431
62431
33180
30930
25136
29516
27962
25436
23312
21562
25547
26350
22322
24011
20170
20694
20220
8551
7915
26225
27797
22905
20078
16763
21023
11242
30307
16294
18264
20126
20780
18915
24285
17599
23519
16472
13246
12812
13478
18216
14422
17437
20894
18793
19453
23539
21140
23541
20258
18343
21341
1888
27142
30529
19421
20360
20424
16035
16801
15555
12948
11736
11970
9464
15262
10255
4044
3167
19328
10730
10805
12358
7473
1800
528
0
12697
21660
15701
13388
10061
8249
2243
0
23336
9414
10978
9134
0
10406
2696
13771
1250
14159
7937
2771
0
5769
10417
5143
765
10341
3494
5888
5564
8675
19508
7068
8173
12811
13216
10044
8939
10665
9274
8681
6864
6604
2318
0
22201
8220
3839
5316
312
11657
1250
13302
9721
11506
12681
10611
11711
9624
7154
4939
4345
12638
14299
13949
15178
22776
30520
28580
20183
24721
24033
34373
11305
29159
28497
21346
28243
27241
17388
18022
36258
34584
22721
24044
26899
25569
24549
25390
27100
25390
23658
30509
33167
31856
31492
16154
31208
35036
29175
33211
33590
29835
31581
30854
28206
26702
28466
27825
24048
18079
19023
15949
17426
21082
19982
22969
21899
22030
17758
17455
20996
13615
26980
35912
26934
27798
25481
20629
21479
23945
21425
19745
22872
18899
4275
21190
26342
15574
19945
22155
20710
22651
25287
23629
25180
23132
23644
24058
23216
25468
26284
26512
27294
27073
27450
27172
26990
27504
26787
25557
25296
29626
34538
27067
27534
27229
27644
29682
26143
27490
26351
25901
30363
26852
29861
30194
33300
32931
32931
34929
33942
33527
34050
30637
36659
15573
43128
28883
28614
42807
29496
28437
28814
27764
22229
33913
38642
33984
33904
34261
33678
33996
33883
32152
28512
25101
26637
26313
29120
28996
26733
26058
23380
22180
23123
20872
19848
19449
14287
15660
5460
21626
4610
20511
11096
6556
0
11474
26055
22860
21756
21024
20025
24160
22223
23741
22628
24712
24315
30627
34831
27865
29035
27542
30606
21767
29733
28845
28558
27512
25480
16837
19049
26595
13571
4685
118
23069
17753
41709
35185
40047
43166
34652
49938
54755
43153
28540
22338
21007
17588
14193
18037
21236
20856
23929
21928
26669
28562
25477
23190
23627
18300
7951
19628
29984
26528
18385
26184
22581
25773
30065
21287
27819
23724
25360
23246
20954
27859
24248
21503
20112
18257
14375
20467
9953
11312
11538
10762
0
22274
3251
22355
10395
9743
3067
9031
10552
13566
8778
9403
8012
5941
12396
15113
12239
9640
12940
14666
14687
10812
11596
16833
11452
4691
10918
17665
13905
10007
9220
9285
8152
6923
3623
0
452
0
17211
6028
5898
11333
14321
12310
10917
14112
12622
12517
13925
16624
14336
22554
23394
26810
20521
6211
26438
4919
34855
22957
20871
20788
20978
22217
25128
19543
18705
18704
16477
31477
21704
22672
18828
20899
15757
18714
12482
11506
14644
16380
20253
19825
19739
18883
19431
17917
17820
19460
17529
18629
15507
19939
19971
21454
5274
17481
33951
19152
19670
18030
16876
15961
16152
16251
0
35692
7885
7829
22462
21321
11407
12941
13953
19921
23700
26280
26412
27080
27845
25898
23255
21045
21853
16175
8914
3432
49
12471
18246
6869
1930
118
10471
5877
15884
10573
11404
12897
13388
14245
23428
21919
23844
20936
