3855
3295
3857
3703
1867
3884
3907
3911
3822
3818
3849
3973
3810
3765
4016
3814
3826
3915
3857
3841
3791
3981
3756
3993
3853
3720
3919
3869
3196
2886
2571
2942
3129
3062
3223
3316
3706
3830
3862
3586
4062
3776
3911
3833
3780
3889
3919
3858
3872
3919
3688
3728
4156
3838
3911
3769
3923
3814
3844
3868
3783
4122
3674
3870
3249
2770
2916
2852
3199
2295
2267
2611
2485
2312
2578
1842
2384
1774
1704
2482
2882
3013
2873
2244
3723
2510
2731
1507
1533
612
792
313
671
701
175
216
396
39
390
437
600
2022
1768
1202
1491
1311
722
1085
967
1319
864
945
875
864
1155
782
875
1062
1049
1179
1131
1272
1168
479
490
362
735
840
623
596
536
548
432
561
958
1027
742
571
735
687
642
723
782
782
769
945
817
793
513
490
547
420
490
537
607
688
372
432
806
1050
1484
1482
1669
1205
1579
1880
2080
1961
2197
3397
2942
2198
3117
2487
2723
2562
2551
2244
1494
2463
2324
2561
2951
2799
3094
3109
3246
3301
2614
2618
2676
2706
2767
2895
3083
3129
3460
3409
1962
2650
2837
2814
2310
2324
1542
1599
1365
875
1833
2197
2125
2174
2115
2103
2115
2136
2095
2092
1868
1714
1694
1800
1798
1939
1891
1952
1928
1788
1936
1788
1613
1484
1567
1719
1182
1132
817
420
396
724
444
302
440
456
548
477
444
256
361
303
325
209
373
851
724
677
605
583
0
1068
794
1063
1306
759
887
793
653
585
864
910
804
863
706
607
128
871
350
620
981
1413
1658
2251
2311
2370
1413
1448
1798
2018
2533
2893
1260
1144
1819
2496
1694
1740
2611
1892
2671
2345
1436
3079
2779
2473
2577
2337
2010
2107
2207
2209
2466
3289
3449
2882
3637
3982
3920
3460
4133
1783
1221
687
1015
1541
3105
3586
3594
2856
2443
2042
1368
1833
1928
2589
3243
1669
642
840
2036
2557
2452
2276
2181
2501
2150
1870
1691
1505
944
1110
1313
759
126
2134
2503
3682
4779
3337
2947
4906
5165
5213
5514
4728
5552
5640
5078
4750
4549
2627
1152
382
0
46
1133
619
678
930
1172
1692
956
1249
0
1009
1294
2315
2905
3511
2520
1879
2037
1862
1398
412
93
1332
935
1424
1954
1684
1585
1914
2304
2741
1681
1913
1454
741
105
444
210
3401
3689
3546
3595
3777
3681
3764
3258
3968
3764
4090
3101
3365
1828
2569
2349
2241
3435
3083
2613
3476
2778
2272
2343
2541
2042
958
1693
1563
1390
1530
1618
1385
1415
1296
1413
1378
1108
1400
2278
2324
1546
2028
2483
1497
1541
1714
2466
2758
2653
3602
2887
2466
3048
3311
3316
2641
3015
3231
2787
3770
2933
3290
3286
3960
3817
4043
4466
3954
4386
5001
3960
4766
4047
4054
4064
3962
3459
2302
1764
4028
3120
3738
4993
3981
3338
897
245
5227
5446
4606
4873
4049
3547
5260
5324
3789
5458
5272
4853
4742
4886
5048
4864
4207
4892
4396
1926
3264
3818
3694
1438
1811
2628
2574
2881
2437
2692
3506
3477
3172
3074
3965
4254
3541
3048
4150
4659
3584
1309
2045
2779
2989
4148
3432
4179
3542
4060
3919
4067
4955
4342
4995
3955
3808
4453
4927
4515
4095
5318
4664
2976
1966
3868
3709
4044
3773
3420
3332
3287
2767
1936
1741
1836
1445
1581
2968
2938
2208
2036
2676
2150
3857
3967
4642
3895
3836
4686
3036
2820
3510
3281
4223
4562
4925
4365
3558
4051
3413
3804
2938
3276
3872
3896
3693
4199
4210
3857
3857
2931
2050
3098
3646
3106
4110
3286
2984
2459
3600
3409
3985
3689
2585
1994
2614
2259
2717
2638
3244
3554
3670
3440
3758
3907
3575
2530
1061
2539
3538
2771
747
991
852
2265
2646
3393
3048
4103
4506
4675
4574
5232
4342
1981
3406
3868
3823
3344
3514
3957
4262
3588
3813
3100
2159
1744
1087
1412
723
1987
3131
3212
4088
4757
5353
5006
5044
4827
4501
4617
4164
3627
2681
1156
2009
5313
3813
2802
2510
2004
1238
2360
2568
2592
2438
1874
1072
561
1115
2031
2031
2407
2887
3050
2615
2318
2394
2676
2489
2594
2751
0
2402
888
2352
2751
1790
3366
151
3276
3162
2571
2370
2465
2435
2138
1899
2103
2172
1975
2099
2024
1926
1811
2097
2228
1948
1496
1948
2281
1928
1415
1996
2298
2362
2337
2382
2544
2587
3128
2863
3107
3860
3342
4233
3823
3798
3837
3908
4378
4330
5471
4728
4420
4260
3958
3962
4063
4017
4223
4932
5569
5038
5112
4575
5424
5182
5435
5289
4707
4985
5581
5458
4650
5482
5002
3759
2583
4618
4643
4961
5562
5210
5208
5546
4662
5243
5483
5223
5472
5330
5628
4869
5249
3554
5231
4781
5084
4972
5458
4850
5575
5336
5499
5552
5440
5552
5546
4985
3286
3260
3462
3848
3978
3935
4087
4285
4289
5192
4349
4642
5217
4229
4343
3834
3273
3170
3120
3674
3662
3933
4048
4879
5482
5418
5156
5546
4780
1984
1848
1815
1758
1437
93
3041
4144
3155
408
2138
3433
4133
3942
4102
3911
4398
4032
4083
4402
4083
4051
4045
3900
3523
4044
3635
3670
3974
3752
3931
3681
3654
3432
2616
1846
2630
4060
4270
4103
3039
3094
2892
2510
1391
2139
1627
688
1309
3541
3374
1052
4191
3585
3560
3530
3791
3779
3599
2921
2930
2971
3114
2852
2694
2472
1998
1426
1154
1062
1003
676
969
1377
1016
1074
1026
1087
699
1390
1180
888
1202
1262
1312
1367
1333
1415
1485
1507
1623
1741
1938
2197
2323
2737
2618
2878
2618
2924
2685
2653
3038
3012
3146
3207
2977
2536
2033
2849
3479
3456
2887
3305
2089
1133
1050
1179
1636
1806
989
268
1156
1109
1505
1482
1553
1319
980
1341
303
397
1471
1190
829
700
700
572
186
0
198
279
175
186
302
676
1085
677
629
3039
3327
2534
3845
3640
4172
3414
2930
3246
3417
3226
4479
4488
5114
5283
4577
4489
