19200
24911
23374
35689
28066
28371
30438
23428
27543
20880
23622
22220
18516
18311
19939
10546
5327
11722
13900
9004
9910
6340
3073
2793
3483
5176
2922
6308
2846
3418
3245
4432
1585
1261
2566
2383
1391
107
0
0
0
0
0
0
0
0
0
0
2372
14828
29666
4956
47123
39904
29172
17951
36449
34249
50983
53610
51525
52334
57273
28298
20779
30304
40903
38756
26509
39598
24726
29898
27094
11970
25649
32724
39824
34294
9312
25722
64684
28596
8984
14148
12541
6869
9047
24361
9932
0
25704
13969
16693
15194
12552
6114
4766
5715
3343
4270
4410
4033
4108
2803
2749
3235
3731
4496
6340
5338
3990
8821
16149
20095
10681
3116
37566
11705
10126
12072
15879
20910
12013
8821
7710
16295
14352
13868
10234
13253
12638
9285
9446
11722
9581
15368
19047
5888
8314
10611
12585
13296
12957
15663
16704
17615
7337
28945
33441
22031
17303
17550
19734
12423
19680
17518
20796
17475
9462
21708
16219
15723
18278
24037
26474
26960
23531
25428
12531
34333
39398
40793
34357
18645
9368
44367
29300
36360
24272
34524
33333
33075
39813
40463
39801
36779
38309
48531
37435
28852
60882
59755
39292
38188
5881
25264
70975
35657
27428
27823
30345
25052
25281
24814
17739
24824
7764
38056
22553
21499
17660
26799
30123
27458
29254
25462
29298
26051
17381
23649
24244
21886
20815
19519
20392
20370
23185
18850
16451
22776
18674
20627
20802
17119
22849
18080
20187
17211
1073
15777
30070
819
33258
18171
13252
16402
12121
12854
11635
10988
10449
7106
8799
8131
8972
7063
5413
5143
9241
10595
10648
11088
16291
12380
9026
13016
14064
15165
11225
8810
5963
3396
2501
4669
1358
2458
29849
25192
27304
36293
36392
28058
34745
2296
20166
16885
33961
29775
32022
28327
56559
37820
28894
26225
15204
25029
22534
31616
31096
15663
13631
62062
34804
16512
32073
28056
27131
25461
30648
15475
30542
36378
30112
20306
19612
25399
14910
17446
19735
28078
26250
28034
18504
21621
22710
53109
35290
42029
31374
30071
35782
38727
37160
21657
40601
44646
61227
56744
39782
32415
26804
60391
50909
43005
33638
27885
42267
42946
40338
31001
32538
60407
61365
51836
34339
22899
20615
40494
21635
29570
24045
47792
62521
61931
58063
25859
44843
66813
63373
61865
16613
15564
12517
36339
53510
15646
29802
64831
61587
64323
30375
46989
63766
63045
61997
37093
32997
55820
59129
46235
25100
42401
36732
48070
28884
23085
38469
59097
58916
62652
26804
45187
59441
57556
63078
33882
27656
59572
55221
2361
0
0
0
42218
62734
37175
54411
54722
60801
59424
39026
24903
56999
61227
60604
33849
9994
25804
58146
59572
43188
42401
60145
57180
54615
33882
23642
59899
45974
36598
31560
29048
32003
13846
13275
18009
18084
14353
10815
3386
2951
22699
19215
20738
16685
17359
17010
33654
34124
40504
18862
47185
33110
32093
24048
21341
28491
31241
30498
26844
20351
21540
11727
6190
16165
15043
17966
18357
12538
9468
16936
14218
9349
9446
26647
24830
18285
14232
9436
15183
8271
14180
13339
3418
4788
15011
18044
24444
20381
8842
6184
6362
9026
2954
3310
8098
21105
7597
26414
14214
17738
8195
6966
11409
18861
18491
19629
17175
7848
5327
668
5672
9144
16823
13369
16631
19217
26517
23584
23819
23921
32634
43912
49519
28215
16510
14256
11698
29151
12277
9576
10874
5215
21902
10083
15117
35962
24824
23023
16342
9586
17130
23525
28113
23832
30950
20166
28889
30575
20259
25234
32048
41276
35578
39646
33885
44125
32325
59555
56292
54262
38211
21479
55246
61849
55001
47742
26214
51314
52544
16456
21857
34947
57196
56229
56852
46727
21495
50511
62521
36818
26658
19955
31440
20273
31604
22126
20156
28170
42847
14342
18731
26010
21082
17599
14741
22775
11405
15798
17559
12936
16509
21400
21886
22097
24402
19567
24166
20187
22765
20236
13215
11279
13744
7230
18915
22975
25110
26198
20476
22340
29339
20910
34650
35192
32302
35733
32718
51625
47312
38258
12640
29245
38961
60325
56852
58064
42827
26673
47546
60899
59441
54050
42139
27688
49577
58753
