Time	Throughput
1392	53713
1393	67392
1394	37520
1395	38179
1398	28975
1399	48895
1400	56765
1401	80729
1402	94136
1403	67411
1404	64800
1405	70931
1407	70431
1408	38365
1409	41687
1410	6079
1411	3176
1412	15020
1413	15979
1414	8352
1416	12506
1417	14466
1418	16646
1419	15131
1420	35933
1421	49396
1422	42066
1423	20306
1425	10057
1427	15849
1428	16040
1429	15596
1430	15404
1431	14807
1432	14457
1433	16382
1434	15711
1435	15864
1439	3510
1440	15922
1441	14989
1442	15693
1443	14136
1444	14778
1446	15127
1447	16680
1448	14385
1449	15738
1451	8042
1453	14432
1454	11160
1455	17124
1457	21302
1458	50229
1459	48674
1460	39692
1461	57588
1462	30558
1463	37573
1464	45128
1467	3907
1468	26583
1469	70809
1470	42158
1471	67981
1472	61756
1473	67176
1474	61536
1476	51413
1477	35262
1479	37587
1481	34849
1482	38345
1483	41507
1485	59056
1486	44088
1487	40184
1488	37464
1489	40346
1490	53280
1491	38248
1492	40381
1493	1007
1494	10441
1496	35205
1497	40237
1498	39414
1499	43662
1500	43171
1501	41480
1502	36521
1503	43928
1504	42343
1507	38459
1508	38459
1509	22693
1510	26833
1511	27671
1512	36967
1513	28782
1515	32206
1516	40519
1517	30154
1518	49858
1519	41943
1520	36783
1521	2200
1522	6891
1523	15527
1525	26755
1526	36832
1527	38763
1528	37297
1529	30213
1530	32546
1531	26918
1532	37337
1533	30220
1535	17189
1537	17537
1538	30302
1539	40162
1540	41867
1541	23449
1542	38067
1543	23849
1545	18920
1546	18078
1548	9224
1549	1790
1559	1907
1560	1966
1565	1233
1566	1376
1567	2088
1568	3805
1569	2654
1571	1178
1577	1020
1578	1544
1583	1766
1587	2265
1588	1189
1607	30445
1608	31222
1609	31220
1610	30126
1611	31585
1612	29140
1613	27309
1614	27196
1616	166842
1618	131962
1620	17354
1621	181850
1622	235690
1623	226146
1624	208426
1625	216540
1626	196131
1627	206923
1629	165952
1630	181854
1632	55367
1634	200952
1635	230398
1636	215276
1637	196150
1638	204424
1640	213530
1641	212106
1642	214812
1643	212630
1644	202395
1646	21537
1647	5047
1648	128098
1649	241716
1650	263811
1651	217165
1653	170196
1654	186909
1655	178412
1656	163115
1657	152861
1658	165210
1659	116756
1661	47462
1663	224512
1664	222637
1665	240491
1666	172496
1667	166084
1668	174984
1669	176408
1670	178673
1671	185736
1672	174582
1674	62328
1676	211231
1677	222617
1678	180783
1679	180441
1680	192202
1681	195201
1682	188407
1683	186622
1685	203935
1686	177714
1687	182660
1689	11851
1690	136808
1691	289813
1692	192556
1693	213145
1694	247637
1695	229045
1696	204035
1698	155761
1699	114934
1701	61104
1703	32740
1704	61754
1705	67672
1707	76213
1708	49677
1709	48029
1710	55219
1711	61246
1712	70055
1713	71692
1715	52751
1717	62605
1718	179405
1719	124228
1720	117614
1721	86938
1722	70561
1723	80182
1725	83737
1726	88860
1727	95423
1729	22839
1730	1613
1731	29386
1732	29879
1734	29811
1735	30271
1736	30943
1737	69129
1738	194548
1739	195371
1740	157664
1743	95619
1745	18095
1746	24164
1747	24440
1748	23538
1749	24194
1751	24376
1752	24017
1753	23522
1754	24242
1755	24193
1756	19965
1758	14486
1760	24999
1761	26424
1762	58682
1763	171485
1764	167750
1765	156579
1766	245863
1767	209451
1768	213364
1771	33974
1772	33974
1773	17710
1774	20301
1775	20548
1776	70049
1777	214398
1778	197964
1779	136174
1781	181053
1782	139204
1783	143711
1784	122565
1786	9170
1787	74331
1788	96704
1789	135537
1790	152593
1792	117520
1793	105336
1794	110283
1795	107408
1796	121586
1798	51698
1800	55540
1802	87422
1803	88523
1804	82604
1805	87301
1806	87474
1807	90496
1808	82325
1809	89992
1810	91872
1812	91236
1814	9319
1815	57854
1816	78907
1817	72008
1818	58268
1819	52733
1821	57497
1822	54255
1823	67137
1824	63918
1826	39702
1827	39702
1828	31183
1829	59410
1831	64156
1832	70585
1833	58742
1834	51598
1835	67788
1836	60084
1837	65215
1838	68373
1840	67445
1842	17180
1843	46392
1844	60980
1845	59489
1846	60126
1847	58202
1848	50635
1850	65403
1851	50654
1852	45607
1854	23302
1855	1769
1856	31766
1857	43698
1859	56519
1860	79522
1861	72241
1862	72889
1863	67887
1864	62614
1865	64217
1866	58016
1867	37941
1870	10027
1871	26893
1872	28557
1873	25077
1874	27696
1875	46892
1876	37753
1877	40405
1878	54131
1879	48310
1880	46923
1882	31203
1884	18566
1885	24354
1886	75935
1887	67454
1888	58308
1889	43532
1891	48461
1892	69002
1893	63105
1894	47621
1895	34183
1896	9793
1897	5784
1898	26589
1899	37160
1901	37887
1902	17960
1903	37108
1904	49485
1905	66492
1906	74768
1907	47764
1909	23309
1910	23309
1912	23192
1913	43091
1914	57185
1915	81684
1916	86634
1917	92335
1918	77565
1919	84245
1921	90818
1923	82729
1925	13759
1926	42640
1927	38001
1928	43446
1929	40933
1931	46009
1932	53105
1933	46497
1934	47779
1935	77550
1937	14098
1938	14098
1940	31028
1941	61344
1942	81476
1943	79896
1944	86260
1945	79490
1946	78949
1947	68472
1948	80028
1951	48068
1953	29302
1954	49488
1955	77798
1956	96594
1957	101960
1959	90260
1960	87785
1961	81713
1962	69596
1963	83505
1964	71218
1966	14809
1968	55738
1969	82726
1970	52678
1971	57020
1972	62081
1973	62600
1974	62792
1975	67871
1976	86034
1977	89664
1979	33694
1981	24019
1982	32684
1983	53581
1984	68583
1985	61606
1986	51911
1987	49026
1989	71273
1990	72767
1991	60279
1992	58898
1994	19017
1995	33915
1996	35807
1998	32585
1999	37604
2000	28769
2001	28646
2002	31891
2003	22318
2004	27761
2005	37710
2006	12590
2007	12590
2009	23446
2010	38004
2011	37528
2012	52092
2013	50481
2014	46055
2015	52961
2017	51572
2018	48706
2020	46551
2022	8708
2023	21207
2024	55172
2026	70599
2027	41304
2028	29014
