Time	Throughput
1848	70549
1849	62633
1850	45954
1851	45954
1852	1453
1853	29458
1854	83872
1855	100803
1856	71809
1857	84413
1859	80318
1860	105894
1861	166027
1862	153010
1865	85971
1866	731
1867	18011
1868	18580
1869	17353
1870	18132
1872	18500
1873	19938
1874	19708
1875	18498
1876	19232
1878	19443
1880	5938
1881	18128
1882	19710
1883	18960
1885	18729
1886	19187
1887	19672
1888	19540
1889	18794
1890	19469
1892	16804
1894	10107
1895	19150
1896	19561
1897	18574
1899	17179
1900	19347
1901	19170
1902	18605
1903	54372
1906	121211
1908	15810
1909	19139
1910	19331
1912	37201
1913	85046
1914	78325
1915	82302
1916	79224
1918	84136
1920	18117
1921	113
1922	18463
1923	19095
1925	19312
1926	18615
1927	20102
1928	20089
1929	19767
1931	20158
1932	21008
1934	588
1935	5750
1936	16166
1938	17806
1939	19358
1940	19590
1941	20258
1942	19867
1944	19033
1945	50976
1946	75188
1947	59224
1949	10484
1951	19104
1952	19140
1953	18375
1954	12679
1955	12554
1957	13149
1958	18513
1959	20865
1960	20709
1961	12853
1964	10930
1965	11789
1966	13386
1967	14197
1968	13599
1970	12600
1971	11751
1972	10377
1973	9999
1976	619
1977	1038
1978	18168
1979	19500
1980	19175
1981	19694
1983	19525
1984	44946
1985	78065
1986	81517
1987	85580
1989	97981
1991	6434
1992	18470
1993	17333
1994	17792
1996	20185
1997	19481
1998	19544
1999	19344
2000	18493
2001	18538
2003	14614
2005	9933
2006	18066
2007	43947
2008	116514
2010	131470
2011	142835
2012	146837
2013	153023
2014	153083
2015	153329
2017	126733
2019	18992
2020	114352
2021	280606
2022	274563
2023	278019
2025	289327
2026	290349
2027	269909
2028	262754
2029	285829
2030	262565
2032	5707
2034	19077
2035	18125
2036	28005
2037	72123
2038	110292
2039	132939
2041	139262
2042	115534
2043	104276
2044	83101
2047	13327
2048	101005
2049	206144
2050	220943
2051	275214
2052	221805
2053	282246
2054	274932
2056	225311
2057	248500
2058	281416
2060	4399
2061	20331
2062	20179
2064	20041
2065	19697
2066	19824
2067	18916
2068	19629
2069	20001
2071	26330
2072	121655
2074	11776
2075	16686
2077	29899
2078	137191
2079	287058
2080	255879
2081	260647
2082	228509
2083	253527
2086	188887
2088	9721
2089	72197
2090	196732
2091	271818
2093	250572
2094	232525
2095	252679
2096	257720
2097	254663
2098	258913
2100	9924
2101	9924
2102	5037
2103	76610
2104	272168
2105	283363
2106	291454
2107	243519
2108	241602
2110	236367
2111	254105
2112	251686
2114	27394
2115	333
2116	18735
2118	18258
2119	19453
2120	18793
2121	18555
2122	18528
2123	18511
2125	18730
2126	18895
2127	18955
2129	6349
2130	17811
2132	17251
2133	17350
2134	17444
2135	17398
2136	17116
2138	17861
2139	18366
2140	18086
2141	15666
2143	8176
2145	16598
2146	18708
2147	13405
2148	21942
2149	75540
2151	83153
2152	242279
2153	290375
2154	313836
2155	302987
2157	10121
2159	45507
2160	63758
2161	66658
2162	139176
2163	222310
2164	287216
2165	248886
2167	299078
2169	189557
2171	10069
2172	51063
2173	56358
2175	58043
2176	58892
2177	146128
2178	159180
2179	171336
2181	183339
2183	126705
2185	13436
2186	18393
2188	15597
2189	17370
2190	17429
2191	18097
2192	18394
2193	25246
2195	75218
2197	31154
2199	17796
2201	18028
2202	62969
2203	73025
2204	76239
2205	74974
2207	74093
2208	74716
2209	70424
2211	8299
2212	5164
2214	55117
2215	65532
2216	200308
2217	216155
2218	94451
2219	81765
2221	84608
2222	89354
2223	99182
2224	92693
2227	13760
2228	121116
2229	209761
2230	248954
2231	217136
2232	273734
2233	247214
2235	250312
2236	271679
2237	203053
2240	6327
2241	18624
2243	18928
2244	18747
2245	19008
2246	19887
2247	19260
2248	20409
2250	19517
2251	19573
2252	16689
2254	6695
2255	18400
2257	18132
2258	19108
2259	19692
2260	19577
2261	19473
2263	19983
2264	19860
2266	126970
2268	24570
2270	132044
2271	244782
2272	298476
2273	231334
2274	240520
2275	266135
2276	244006
2277	251622
2278	230463
2280	222354
2282	9624
2283	77109
2284	108344
2285	106316
2287	109176
2288	104733
2289	99376
2290	113123
2291	102702
2292	111545
2294	96902
2296	16037
2297	89577
2298	120178
2299	132166
2301	121076
2302	131168
2303	130439
2304	126300
2305	147504
2306	251594
2307	165660
2310	6633
2311	18269
2312	49634
2313	105575
2315	102821
2316	102756
2317	100209
2318	95097
2319	101487
2320	116239
2322	99918
2324	17750
2325	18570
2326	19526
2328	18834
2329	19030
2330	20505
2331	43249
2332	94769
2333	87377
2336	45956
2337	1526
2338	18438
2339	25023
2341	87747
2342	195257
2343	263631
2344	247310
2345	250396
2346	247799
2347	246883
2348	237750
2350	74477
2351	1018
2352	17057
2353	17869
2354	18869
2356	19575
2357	68284
2358	74817
2359	102368
2360	232638
2361	242293
2362	225281
2363	225281
2365	4002
2366	18503
2367	17778
2368	17840
2370	61059
2371	214074
2372	252897
2373	279661
2374	229671
2375	272699
2377	98502
2378	98502
2379	3764
2380	60998
2381	218167
2382	254963
2383	248048
2384	222094
2385	253527
2387	217721
2388	180943
2389	208911
2391	33495
2392	114
2393	18140
2395	18640
2396	22968
2397	109663
2398	223800
2399	217410
2400	243113
2401	239490
2403	231936
2405	77382
2406	77382
2407	17661
2408	20145
2409	19130
2411	19946
2412	19354
2413	19137
2414	18728
2415	19346
2416	19914
2419	4876
2420	333
2421	16770
2422	18405
2424	14963
2425	15986
2426	17247
2427	18618
2428	16012
2429	15438
2431	17959
2432	17227
2434	6369
2435	16120
2437	15534
2438	14857
2439	16255
2440	17944
2441	18386
2442	18624
2444	18143
2445	17360
2446	16775
2447	559
2448	10319
2450	18070
2451	28020
2452	66440
2453	69018
2454	66167
2455	66518
2457	50083
2458	43092
2460	39209
2462	14254
2464	17236
2465	17048
2466	14874
2467	13230
2468	13689
2469	16210
2470	14297
2472	16692
2474	10315
2475	595
2476	11745
2477	13825
2479	13854
2480	13287
2481	14422
2482	23293
2483	37429
2484	46333
2486	33972
2488	30484
2490	16031
2491	26628
2492	35556
2494	64014
2495	49925
2496	57112
2497	56678
2498	56817
2499	55128
2502	45672
2504	10101
2505	16457
2506	26648
2507	28831
2509	28496
2510	34713
2511	32122
2512	26477
2513	33521
2514	32342
2516	33589
2517	5322
2518	10358
2519	13206
2520	12973
2521	12742
2523	10286
2524	11762
2525	11913
2526	9435
2527	23092
2528	21088
2529	19629
2532	8782
2533	8329
2534	10253
2535	11392
2536	8789
2538	18545
2539	20699
2540	22098
2541	18317
2542	19546
2543	10899
2544	10899
2546	8750
2547	11282
2548	45971
2549	43480
2550	47567
2552	47686
2553	47857
2554	44234
2555	42919
2557	35464
2558	35464
2559	2922
2560	4025
2561	16808
2562	19635
2563	53496
2564	48777
2566	45231
2567	51868
2568	54871
2569	58597
2571	7974
2572	7974
2573	2683
2574	16545
2575	16725
2576	17493
2577	16090
2578	16734
2580	17264
2581	46920
2582	40628
2583	50736
2588	9429
2589	18683
2590	17513
2591	32927
2592	35959
2594	54237
2595	49983
2596	40822
2597	44177
2598	53744
2600	28606
2602	12073
2603	16270
2604	16040
2605	15116
2606	26781
2608	49077
2609	82516
2610	100617
2611	74982
2612	71363
2614	60213
2615	5002
2616	29709
2617	60157
2618	88551
2619	69963
2621	80168
2622	89843
2623	63216
2624	61392
2625	66313
2626	80107
2628	37546
2629	1106
2630	25261
2631	37578
2632	32076
2633	46327
2635	28174
2636	31458
2637	39531
2638	42718
2639	41327
2642	3870
2643	2741
2644	15053
2645	15392
2646	14441
2647	15065
2648	13819
2650	14901
2651	14025
2652	15246
2653	14030
2655	9067
2656	9067
2657	11298
2658	14904
2659	14933
2660	13735
2661	25504
2662	33361
2664	45322
2665	47363
2666	48219
2667	46530
2669	7743
2670	7743
2671	3328
2672	15011
2673	14791
2674	27464
2675	31206
2676	46824
2677	53178
2679	49495
2680	44862
2681	46648
2683	13950
2684	13950
2685	3806
2686	11322
2687	14697
2688	14964
2689	13257
2690	13784
2691	23402
2693	44593
2694	48365
2695	31021
2696	38395
2697	8104
2698	4830
2700	13044
2701	30184
2702	37328
2703	27500
2704	30294
2705	22285
2707	18892
2708	20685
2709	27051
2710	34448
2712	2706
2713	11229
2715	8350
2716	12534
2717	10413
2718	8526
2719	7708
2720	11524
2722	16450
2723	24398
2724	30837
2725	2402
2726	124
2727	11132
2729	13374
2730	11266
2731	11201
2732	28187
2733	40794
2734	32764
2735	11923
2737	11259
2739	6353
2740	3432
2741	26117
2742	33145
2744	42172
2745	44991
2746	47626
2747	35910
2748	51267
2749	65188
2751	32982
2753	11314
2754	2302
2755	10736
2756	7889
2758	14328
2759	11185
2760	5595
2761	11321
2762	30285
2763	30714
2765	23462
2766	27701
2767	3115
2768	6339
2769	10825
2770	12010
2772	15491
2773	27035
2774	32825
2775	28941
2776	17887
2777	16112
2780	37459
2782	2998
2783	7821
2784	4667
2785	8529
2787	7141
2788	9213
2789	9279
2790	9988
2791	17203
2792	22037
2794	25984
2795	5018
2796	5822
2797	8282
2798	11533
2799	11876
2801	27007
2802	38862
2803	35890
2804	27562
2805	26075
2806	7794
2807	2586
2809	1123
2810	684
2811	300
2812	566
2813	277
2816	1018
2817	557
2818	657
2819	734
2820	521
2822	421
2823	446
2824	1021
2825	555
2827	702
2828	702
2829	192
2830	1894
2831	1758
2832	1573
2833	857
2834	1285
2836	702
2837	535
2838	982
2839	1214
2842	440
2843	59
2844	357
2845	434
2846	357
2847	368
2849	78
2850	78
2851	67
2852	89
2853	33
2861	2132
2863	55
2864	9175
2865	13829
2866	19051
2867	18347
2869	16047
2871	8778
2872	46672
2873	177097
2874	220019
2876	252345
2877	250604
2878	289095
2879	259671
2880	244061
2881	237238
2882	218967
2885	6952
2886	18496
2887	18146
2888	50229
2889	75892
2890	115907
2892	162454
2893	148029
2894	183876
2895	184955
2896	119372
2898	2679
2899	9930
2900	18593
2901	18964
2902	18790
2903	18916
2905	20218
2906	18426
2907	19471
2908	47004
2909	131535
2910	78627
2913	20659
2914	23323
2915	23677
2916	24325
2917	25205
2919	23600
2920	23710
2921	24244
2922	24364
2923	23744
2925	23033
2926	23033
2927	58782
2928	84678
2929	121105
2930	227557
2932	236301
2933	253515
2934	272324
2935	261105
2936	283492
2937	285537
2938	239558
2941	23143
2942	29679
2943	30732
2944	29098
2945	138937
2946	170759
2948	153994
2949	167329
2950	167972
2952	93352
2955	215308
2956	261025
2957	257446
2958	280552
2959	211629
2960	211237
2961	245778
2962	239494
2963	236616
2966	200156
2968	11824
2969	19271
2970	20049
2972	20163
2973	20106
2974	19319
2975	20186
2976	19844
2977	83987
2980	45139
2982	20103
2983	30873
2985	30622
2986	31921
2987	28849
2988	29849
2989	31931
2991	31126
2992	30127
2994	7210
2995	2574
2996	18030
2998	18002
2999	88337
3000	230002
3001	277629
3002	223237
3003	245576
3004	253755
3006	183606
3008	66691
3009	66691
3010	22955
3011	111987
3012	238715
3014	227227
3015	234669
3016	170711
3017	213480
3018	250442
3019	223698
3020	239565
3021	107376
3024	18158
3025	17914
3026	27624
3027	70223
3028	88387
3030	166272
3031	192828
3032	156786
3033	127009
3034	157975
3035	145770
3036	145770
3038	127248
3039	146693
3040	140493
3041	140599
3042	160228
3044	138533
3045	130546
3046	115552
3047	114045
3049	18512
3050	18512
3051	2197
3052	17160
3053	55017
3054	101351
3055	104514
3056	115476
3058	95783
3059	91463
3060	57246
3061	84369
3062	97856
3063	7207
3064	7207
3065	4955
3066	25127
3067	23299
3068	26205
3069	70461
3070	58644
3072	71836
3073	56951
3074	60284
3075	45396
3076	59850
