Time	Throughput
1240	162936
1242	7390
1243	17489
1244	19148
1245	18007
1247	18102
1248	17593
1249	18399
1250	19401
1251	19259
1254	14680
1256	11096
1257	17380
1259	17284
1260	16322
1261	17781
1262	18581
1263	17352
1264	18616
1266	17733
1268	6823
1269	489
1270	16325
1272	17467
1273	16993
1274	17451
1275	16420
1276	16743
1278	18457
1279	27881
1280	69398
1283	6304
1285	16948
1286	17242
1287	16819
1288	17311
1289	17566
1291	16762
1292	22002
1293	65865
1294	74542
1295	54247
1298	11523
1299	16099
1300	16718
1301	18145
1302	17539
1304	17631
1305	17958
1306	17361
1307	16732
1308	16538
1309	7256
1312	15338
1313	17348
1314	15737
1315	15389
1317	15146
1318	16916
1319	17476
1320	17874
1321	18946
1324	3740
1325	2728
1326	16871
1327	16594
1328	16644
1330	17918
1331	18041
1332	18644
1333	16807
1334	15819
1335	18422
1337	17501
1339	4534
1340	16457
1341	17846
1342	18982
1344	17662
1345	17842
1346	29545
1347	66733
1348	84956
1351	156855
1353	9301
1354	18131
1355	17087
1357	16918
1358	16492
1359	17140
1360	18912
1361	18769
1362	18770
1365	14192
1366	596
1367	16275
1368	88604
1370	174137
1371	224635
1372	170809
1373	147298
1374	217342
1375	215490
1376	214670
1379	91274
1381	15857
1382	17202
1383	17181
1385	17876
1386	17402
1387	35844
1388	119311
1389	119722
1390	126012
1391	193673
1392	116179
1393	93
1394	3017
1396	18424
1397	19964
1398	18697
1399	17577
1400	18385
1401	18577
1402	20502
1403	70798
1405	173743
1407	31746
1408	155
1409	20466
1410	78458
1411	106181
1413	104364
1414	144991
1415	158011
1416	193637
1417	178931
1418	154121
1421	135747
1423	27402
1424	125774
1425	229178
1426	169368
1428	211687
1429	208405
1430	172840
1431	191269
1432	209023
1433	213721
1434	149942
1437	15030
1438	67889
1439	108555
1440	93884
1441	95484
1443	94422
1444	96174
1445	85207
1446	74284
1447	100104
1448	77641
1451	14088
1452	16751
1453	16599
1454	18007
1455	17525
1457	17280
1458	16910
1459	18101
1460	17971
1461	17527
1462	11475
1463	8295
1465	16709
1466	16105
1467	16174
1468	15575
1469	14728
1470	14875
1472	40625
1473	49431
1474	49166
1476	13518
1477	13518
1479	15119
1480	40343
1481	47817
1482	63730
1483	78595
1484	80763
1486	63047
1487	58925
1488	71232
1490	22654
1491	2201
1493	13896
1494	32063
1495	61417
1496	42462
1497	43693
1498	49790
1499	43492
1501	34468
1502	41011
1504	19836
1505	1458
1506	13542
1508	7776
1509	8417
1510	20482
1511	24618
1512	20897
1513	18795
1515	18694
1516	12119
1518	4606
1519	2219
1520	9997
1521	9139
1523	10691
1524	12165
1525	10246
1526	9156
1527	10922
1528	11337
1530	10740
1532	658
1533	1456
1534	13945
1535	24100
1536	27977
1538	48414
1539	42741
1540	27194
1541	49532
1542	38154
1544	41927
1546	7238
1547	2868
1548	11887
1549	10846
1550	11110
1552	10961
1553	12776
1554	22050
1555	36101
1556	64647
1557	73628
1558	46013
1559	46013
1560	1861
1561	2057
1562	13055
1563	11781
1564	22837
1566	45948
1567	42413
1568	58484
1569	24069
1570	44560
1571	57561
1573	52350
1574	2447
1575	3052
1576	16024
1577	15554
1578	26536
1580	49989
1581	40455
1582	41459
1583	80807
1584	99572
1585	86729
1587	84543
1589	1581
1590	16166
1591	16361
1592	16681
1593	16325
1595	16003
1596	60039
1597	107578
1598	66557
1599	99556
1600	87939
1603	8518
1604	35685
1605	85249
1606	85670
1607	89956
1609	89194
1610	105573
1611	95537
1612	97304
1613	94700
1614	97732
1617	7581
1618	16405
1619	16223
1620	15713
1621	14337
1623	15481
1624	14911
1625	16717
1626	15046
1627	16227
1628	13190
1631	11130
1632	38811
1633	44095
1634	82633
1635	73260
1636	82318
1638	56631
1639	64867
1640	62109
1641	66357
1642	71683
1645	10067
1646	15120
1647	15459
1648	15631
1649	15842
1650	32007
1652	59029
1653	80080
1654	72509
1655	84073
1656	29097
1659	13738
1660	14756
1661	17167
1662	16786
1663	16582
1664	7605
1666	7108
1667	10751
1668	9624
1670	5171
1673	9924
1674	12209
1675	22271
1676	22490
1677	15721
1678	26151
1680	22623
1681	27751
1682	18717
1684	14699
1685	113
1686	16884
1688	29818
1689	43133
1690	47573
1691	49091
1692	42248
1693	35356
1695	47970
1696	48387
1698	12479
1699	114
1700	15991
1702	17014
1703	17534
1704	16756
1705	17551
1706	18087
1708	17070
1709	15961
1710	16907
1712	9609
1713	10750
1714	23764
1716	35912
1717	32195
1718	34409
1719	32041
1720	29574
1721	34882
1723	40578
1724	34989
1727	2579
1728	11670
1730	13351
1731	11303
1732	10669
1733	10298
1734	10730
1735	13366
1737	12533
1738	11504
1741	4497
1742	14665
1743	11525
1745	26725
1746	21078
1747	28703
1748	27709
1749	20835
1750	23136
1752	22603
1753	28275
1754	3003
1755	5046
1756	12976
1757	10646
1759	9772
1760	14388
1761	12851
1762	11308
1763	11383
1764	12463
1767	11364
1769	5815
1770	12040
1771	13841
1772	11388
1774	10774
1775	12513
1776	13151
1777	13082
1778	10928
1779	11707
1781	10814
1783	3414
1784	12702
1785	14375
1786	20177
1787	53659
1789	50945
1790	54145
1791	50839
1792	54622
1793	45600
1795	76102
1796	5430
1797	9579
1798	12247
1799	15666
1800	24849
1802	42433
1803	33145
1804	42983
1805	56193
1806	48368
1807	51446
1809	47952
1811	9592
1812	16228
1813	16631
1814	16387
1816	16806
1817	15722
1818	14407
1819	15066
1820	12801
1821	21597
1823	39470
1825	12104
1826	42933
1827	70948
1828	54980
1830	67987
1831	71738
1832	79453
1833	66664
1834	83889
1835	59445
1836	65698
1838	16880
1839	16505
1840	53580
1841	58325
1842	58949
1843	53377
1845	51524
1846	71857
1847	69163
1848	70549
1849	62633
1850	45954
1851	45954
1852	1453
1853	29458
1854	83872
1855	100803
1856	71809
1857	84413
1859	80318
1860	105894
1861	166027
1862	153010
1865	85971
1866	731
1867	18011
1868	18580
1869	17353
1870	18132
1872	18500
1873	19938
1874	19708
1875	18498
1876	19232
1878	19443
1880	5938
1881	18128
1882	19710
1883	18960
1885	18729
1886	19187
1887	19672
1888	19540
1889	18794
1890	19469
1892	16804
1894	10107
1895	19150
1896	19561
1897	18574
1899	17179
1900	19347
1901	19170
1902	18605
1903	54372
1906	121211
1908	15810
1909	19139
1910	19331
1912	37201
1913	85046
1914	78325
1915	82302
1916	79224
1918	84136
1920	18117
1921	113
1922	18463
1923	19095
1925	19312
1926	18615
1927	20102
1928	20089
1929	19767
1931	20158
1932	21008
1934	588
1935	5750
1936	16166
1938	17806
1939	19358
1940	19590
1941	20258
1942	19867
1944	19033
1945	50976
1946	75188
1947	59224
1949	10484
1951	19104
1952	19140
1953	18375
1954	12679
1955	12554
1957	13149
1958	18513
1959	20865
1960	20709
1961	12853
1964	10930
1965	11789
1966	13386
1967	14197
1968	13599
1970	12600
1971	11751
1972	10377
1973	9999
1976	619
1977	1038
1978	18168
1979	19500
1980	19175
1981	19694
1983	19525
1984	44946
1985	78065
1986	81517
1987	85580
1989	97981
1991	6434
1992	18470
1993	17333
1994	17792
1996	20185
1997	19481
1998	19544
1999	19344
2000	18493
2001	18538
2003	14614
2005	9933
2006	18066
2007	43947
2008	116514
2010	131470
2011	142835
2012	146837
2013	153023
2014	153083
2015	153329
2017	126733
2019	18992
2020	114352
2021	280606
2022	274563
2023	278019
2025	289327
2026	290349
2027	269909
2028	262754
2029	285829
2030	262565
2032	5707
2034	19077
2035	18125
2036	28005
2037	72123
2038	110292
2039	132939
2041	139262
2042	115534
2043	104276
2044	83101
2047	13327
2048	101005
2049	206144
2050	220943
2051	275214
2052	221805
2053	282246
2054	274932
2056	225311
2057	248500
2058	281416
2060	4399
2061	20331
2062	20179
2064	20041
2065	19697
2066	19824
2067	18916
2068	19629
2069	20001
2071	26330
2072	121655
2074	11776
2075	16686
2077	29899
2078	137191
2079	287058
2080	255879
2081	260647
2082	228509
2083	253527
2086	188887
2088	9721
2089	72197
2090	196732
2091	271818
2093	250572
2094	232525
2095	252679
2096	257720
2097	254663
2098	258913
2100	9924
2101	9924
2102	5037
2103	76610
2104	272168
2105	283363
2106	291454
2107	243519
2108	241602
2110	236367
2111	254105
2112	251686
2114	27394
2115	333
2116	18735
2118	18258
2119	19453
2120	18793
2121	18555
2122	18528
2123	18511
2125	18730
2126	18895
2127	18955
2129	6349
2130	17811
2132	17251
2133	17350
2134	17444
2135	17398
2136	17116
2138	17861
2139	18366
2140	18086
2141	15666
2143	8176
2145	16598
2146	18708
2147	13405
2148	21942
2149	75540
2151	83153
2152	242279
2153	290375
2154	313836
2155	302987
2157	10121
2159	45507
2160	63758
2161	66658
2162	139176
2163	222310
2164	287216
2165	248886
2167	299078
2169	189557
2171	10069
2172	51063
2173	56358
2175	58043
2176	58892
2177	146128
2178	159180
2179	171336
2181	183339
2183	126705
2185	13436
2186	18393
2188	15597
2189	17370
2190	17429
2191	18097
2192	18394
2193	25246
2195	75218
2197	31154
2199	17796
2201	18028
2202	62969
2203	73025
2204	76239
2205	74974
2207	74093
2208	74716
2209	70424
2211	8299
2212	5164
2214	55117
2215	65532
2216	200308
2217	216155
2218	94451
2219	81765
2221	84608
2222	89354
2223	99182
2224	92693
2227	13760
2228	121116
2229	209761
2230	248954
2231	217136
2232	273734
2233	247214
2235	250312
2236	271679
2237	203053
2240	6327
2241	18624
2243	18928
2244	18747
2245	19008
2246	19887
2247	19260
2248	20409
2250	19517
2251	19573
2252	16689
2254	6695
2255	18400
2257	18132
2258	19108
2259	19692
2260	19577
2261	19473
2263	19983
2264	19860
2266	126970
2268	24570
2270	132044
2271	244782
2272	298476
2273	231334
2274	240520
2275	266135
2276	244006
2277	251622
2278	230463
2280	222354
2282	9624
2283	77109
2284	108344
2285	106316
2287	109176
2288	104733
2289	99376
2290	113123
2291	102702
2292	111545
2294	96902
2296	16037
2297	89577
2298	120178
2299	132166
2301	121076
2302	131168
2303	130439
2304	126300
2305	147504
2306	251594
2307	165660
2310	6633
2311	18269
2312	49634
2313	105575
2315	102821
2316	102756
2317	100209
2318	95097
2319	101487
2320	116239
2322	99918
2324	17750
2325	18570
2326	19526
2328	18834
2329	19030
2330	20505
2331	43249
2332	94769
2333	87377
2336	45956
2337	1526
2338	18438
2339	25023
2341	87747
2342	195257
2343	263631
2344	247310
2345	250396
2346	247799
2347	246883
2348	237750
2350	74477
2351	1018
2352	17057
2353	17869
2354	18869
2356	19575
2357	68284
2358	74817
2359	102368
2360	232638
2361	242293
2362	225281
2363	225281
2365	4002
2366	18503
2367	17778
2368	17840
2370	61059
2371	214074
2372	252897
2373	279661
2374	229671
2375	272699
2377	98502
2378	98502
2379	3764
2380	60998
2381	218167
2382	254963
2383	248048
2384	222094
2385	253527
2387	217721
2388	180943
2389	208911
2391	33495
2392	114
2393	18140
2395	18640
2396	22968
2397	109663
2398	223800
2399	217410
2400	243113
2401	239490
2403	231936
2405	77382
2406	77382
2407	17661
2408	20145
2409	19130
2411	19946
2412	19354
2413	19137
2414	18728
2415	19346
2416	19914
2419	4876
2420	333
2421	16770
2422	18405
2424	14963
2425	15986
2426	17247
2427	18618
2428	16012
2429	15438
2431	17959
2432	17227
2434	6369
2435	16120
2437	15534
2438	14857
2439	16255
2440	17944
2441	18386
2442	18624
2444	18143
2445	17360
2446	16775
2447	559
2448	10319
2450	18070
2451	28020
2452	66440
2453	69018
2454	66167
2455	66518
2457	50083
2458	43092
2460	39209
2462	14254
2464	17236
2465	17048
2466	14874
2467	13230
2468	13689
2469	16210
