Time	Throughput
12	18564
13	19919
14	19550
15	19274
16	20202
17	20202
19	8835
20	19546
21	20629
22	20301
24	67062
25	136669
26	201782
27	192869
28	176996
29	199923
30	216188
33	5190
34	18086
35	18750
36	18724
37	74510
39	93982
40	100156
41	98998
42	103488
43	118562
45	114812
46	8167
47	11121
48	19245
49	19983
50	20423
52	22370
53	30828
54	38276
55	45991
56	49532
58	58464
59	17890
60	17890
61	18455
62	19092
64	19695
65	18534
66	19148
67	20413
68	19683
69	19478
71	19617
74	4401
75	18434
77	19087
78	18574
79	17790
80	17711
81	19008
83	18112
84	18073
85	17285
86	14759
88	6930
89	15573
91	15982
92	19153
93	18382
94	18527
95	19135
97	18870
98	19291
99	18279
100	15129
102	13675
104	18020
105	18533
106	19002
107	18730
108	18770
110	19522
111	19625
112	18513
114	6229
115	6229
117	12580
118	15819
119	18512
120	17651
121	28859
123	36548
124	45152
125	50473
126	60506
129	2017
130	4338
131	19994
132	20743
133	20854
135	18798
136	19973
137	20318
138	19395
139	20195
140	20093
142	15779
144	9044
145	19232
146	19518
147	17855
149	19535
150	84213
151	192400
152	205478
153	183967
154	154462
156	151395
157	8828
158	6465
159	9396
160	9942
161	13019
163	15700
164	26831
165	95083
166	174924
167	177596
168	188056
170	93395
172	13481
173	16832
174	34171
175	70044
177	76592
178	72156
179	75632
180	168142
181	237175
182	241977
184	204210
186	17191
187	18093
188	17932
189	23271
191	77723
192	198439
193	226174
194	238132
195	300394
196	294954
197	96228
200	18026
201	17222
202	18205
203	17228
204	18394
206	17858
207	18638
208	19338
209	18667
210	20138
212	4328
213	2664
214	17884
215	15993
216	16954
218	17790
219	18411
220	18153
221	19565
222	17931
223	19282
224	18017
225	18017
227	5231
228	17905
229	17140
230	19254
232	17845
233	19479
234	18272
235	56381
236	75594
239	58431
241	13151
242	45727
243	80523
245	74605
246	75252
247	78189
248	74380
249	76184
251	73397
253	32066
255	31796
256	122763
258	129906
259	139416
260	136357
261	139639
262	165940
263	152605
265	203759
267	66437
268	66437
269	16439
270	18725
271	18908
273	19833
274	58202
275	71567
276	75586
277	72626
279	152474
281	49087
282	1164
283	39332
284	43621
286	60559
287	188392
288	127999
289	224428
290	195377
291	216543
292	256422
295	24301
296	3359
297	47603
298	99344
299	152048
301	68091
302	53768
303	48219
304	29673
305	13545
308	26705
310	3519
311	18920
312	16608
314	17872
315	17973
316	18935
317	18410
318	19699
319	19311
322	23564
323	1715
324	15295
325	18837
327	20900
328	19281
329	18981
330	20088
331	19845
333	20497
334	19704
336	5892
337	5892
338	23515
340	119703
341	220779
342	264256
343	264070
344	281125
345	294014
346	206508
347	176948
350	217331
351	4684
352	26716
353	81584
354	191689
356	143446
357	189055
358	261555
359	181510
360	253641
361	258724
362	244258
364	149641
366	13985
367	17881
368	18038
369	19507
371	19217
372	19430
373	19501
374	20042
375	51730
376	109609
378	83691
379	157
380	18333
381	19070
382	18414
384	18234
385	18630
386	18084
387	18076
388	17730
390	18350
393	5149
394	19672
395	19396
397	19204
398	19821
399	20061
400	19163
401	20323
403	20009
405	17030
407	8703
408	19372
409	72601
411	81190
412	84380
413	76836
414	160590
415	237329
417	199521
419	130197
421	11337
422	19733
424	19384
425	20168
426	20871
427	19958
428	19686
430	20443
431	20067
433	8894
434	8894
435	18647
437	19517
438	20151
439	19989
440	20208
441	19963
443	19649
444	64750
445	86214
446	84541
447	4485
448	4485
449	4215
450	19356
451	19594
452	20232
453	20330
454	18739
456	19128
457	19726
458	18410
459	20049
460	16978
463	10428
464	16621
465	17376
466	18065
467	17441
469	18143
470	17742
471	17233
472	17366
473	16340
475	8599
477	21855
478	87554
479	146605
480	187330
482	225971
483	255919
484	148746
485	122090
486	132162
487	130208
488	100536
489	8064
490	8064
491	19846
492	104994
493	210133
494	239891
495	217357
496	255180
498	246823
499	221462
500	209751
501	225453
502	99775
504	12668
506	19791
507	18454
508	17716
509	18022
510	16844
512	19189
513	17963
514	19495
516	6696
517	6696
518	741
519	17068
520	16989
521	17080
522	16358
523	17040
525	17908
526	16890
527	17665
528	14779
532	4780
533	17326
534	18025
535	17507
537	18584
538	41316
539	148638
540	200426
541	197602
542	116999
543	197326
545	3782
546	8221
547	16697
548	17243
549	16348
550	18180
552	17552
553	17853
554	17732
555	17633
556	23753
558	41569
560	12425
561	16641
562	17194
563	17404
565	18193
566	17043
567	16323
568	20597
569	33498
572	30689
573	30689
574	14530
575	13374
576	13740
578	14123
579	14355
580	14243
581	17872
582	18917
583	19861
586	9568
587	9873
588	18061
589	47747
591	63945
592	64844
593	64761
594	70714
595	66733
596	68418
598	82494
599	136341
601	5842
602	17433
603	16785
605	18054
606	16755
607	17645
608	18442
609	19780
611	18696
613	11672
615	9952
617	17896
618	18137
619	17601
620	19716
621	81021
622	167231
624	185890
625	178924
627	121363
629	15584
631	29667
632	64165
633	64900
634	63717
635	61400
636	57892
638	65071
639	108085
641	44316
643	25313
644	124009
646	158344
647	158645
648	153667
649	159035
650	150893
651	156523
653	147537
655	61068
656	61068
657	18447
658	18642
660	19883
661	19773
662	41374
663	82094
664	78717
666	69121
667	81119
669	38315
670	739
671	18460
672	18442
674	18976
675	18613
676	19621
677	70190
678	112821
680	90303
681	147999
683	16417
684	5205
685	18800
687	18560
688	18378
689	17544
690	28241
691	74774
692	65008
693	74531
695	61735
698	5204
699	16884
700	17854
702	18397
703	16290
704	18578
705	18487
706	18391
708	18715
709	20349
710	14472
712	11110
713	15416
715	15977
716	15031
717	45731
718	70879
719	65183
720	58880
722	64760
724	62908
726	11776
727	19375
729	17761
730	18439
731	17024
732	15907
733	17302
734	17756
736	18358
738	10301
740	14306
741	15235
743	15286
744	14859
745	14303
746	13367
747	14901
748	12185
749	16350
752	7940
754	10626
755	13083
756	10979
758	11601
759	14613
760	28817
761	29553
762	25223
763	31710
766	30852
768	17034
769	29395
770	43835
771	50976
773	50063
774	51712
775	39524
776	42362
777	45660
778	33797
780	19989
782	9960
783	11688
784	12662
785	10293
787	11484
788	11410
789	8948
790	12639
791	10152
792	11997
794	7081
796	9612
797	12682
798	12402
799	11383
800	12087
802	12623
803	12531
804	12733
805	22424
806	22769
807	10251
810	9622
811	8501
812	7646
813	9035
814	16657
815	15107
817	18886
818	14817
819	13393
820	18914
821	10615
824	5572
825	8452
826	7606
827	8723
828	9232
829	6135
831	6305
832	7880
833	8751
835	8129
837	3927
839	5968
840	5036
841	13138
842	16142
843	28312
844	26841
846	23495
847	18719
849	44993
850	44993
851	22627
853	43378
854	36527
855	40689
856	41793
857	40158
858	38482
860	25791
861	29860
863	56783
864	56783
865	11243
867	15012
868	14663
869	15659
870	14862
871	16673
872	14805
874	15363
875	15622
877	1807
878	1655
879	12338
881	13901
882	10958
883	11873
884	11446
885	15761
886	13692
888	13900
889	15750
890	11122
892	4598
894	16044
895	8644
896	10423
897	9981
898	35902
899	46730
901	48577
902	66826
903	50247
904	63208
906	7530
908	15599
909	11918
910	15323
911	15795
912	17291
913	14236
915	15464
916	13291
917	11869
918	9638
920	8789
922	15549
923	13884
924	13920
925	14460
926	16137
927	41854
929	43203
930	30743
932	41316
934	12622
936	11305
937	12316
938	36953
939	32349
940	30297
941	32950
943	40895
944	33307
946	19187
948	7863
949	13988
951	13123
952	11151
953	9457
954	12032
955	12488
957	12468
958	46262
960	28546
961	158
962	14399
964	14709
965	25796
966	42451
967	44649
968	41527
969	50065
971	49442
972	58091
974	8792
975	1017
976	12219
978	14315
979	14057
980	14256
981	15006
982	20998
983	37541
984	36853
986	35976
988	10267
989	1808
990	14962
991	15460
993	15478
994	15631
995	15172
996	13483
997	13566
998	13642
1000	13280
1002	591
1003	1934
1004	7995
1005	7487
1007	11347
1008	7768
1009	12054
1010	6896
1011	9055
1012	7323
1014	8609
1016	2278
1017	3963
1018	9860
1019	9615
1021	12171
1022	23051
1023	42448
1024	35683
1025	44752
1026	35329
1029	26848
1030	2459
1031	3872
1032	8965
1033	9841
1035	11750
1036	13413
1037	12366
1038	11905
1039	11903
1040	13652
1041	11311
1043	10719
1045	4468
1046	11868
1047	9005
1048	11831
1049	18592
1051	26478
1052	22080
1053	19135
1054	16495
1055	26604
1056	34214
1059	2907
1060	7233
1061	7947
1062	8709
1063	12977
1065	14171
1066	20624
1067	19282
1068	33453
1069	38836
1070	26978
1073	3326
1074	6752
1075	4887
1076	10063
1077	10332
1078	7434
1080	8608
1081	11671
1082	16708
1083	16146
1084	11156
1085	1534
1086	1534
1087	730
1088	3412
1089	4763
1090	10000
1091	10098
1092	11917
1093	9564
1095	15189
1096	11929
1097	23147
1099	2122
1100	4592
1102	14929
1103	14994
1104	16999
1105	22436
1106	15680
1107	18246
1109	23822
1110	17016
1111	19759
1112	16602
1114	3442
1115	8535
1117	7744
1118	7190
1119	5465
1120	3532
1121	7575
1122	10989
1123	11768
1125	3130
1127	460
1128	1554
1129	2326
1130	1861
1132	2027
1133	1184
1134	1840
1135	1687
1136	3305
1137	8065
1140	9254
1141	6446
1142	1307
1143	812
1144	3803
1146	1978
1147	4383
1148	5610
1149	7865
1150	3903
1151	3746
1152	277
1154	941
1155	1135
1156	458
1157	941
1158	600
1159	510
1161	490
1162	793
1163	401
1164	466
1165	1808
1166	531
1168	656
1169	753
1170	368
1172	370
1173	656
1175	578
1176	534
1177	1505
1178	1970
1179	920
1180	1685
1182	1721
1184	268
1185	117
1186	279
1187	290
1189	148
1190	111
1191	324
1192	134
1193	67
1198	34
1201	2079
1202	10486
1203	18363
1204	18466
1205	17271
1207	16362
1208	16176
1209	18477
1210	17783
1211	18365
1212	5954
1213	5954
1215	16942
1216	15578
1217	15285
1218	16206
1220	16154
1221	15660
1222	19157
1223	15937
1224	18092
1226	16904
1228	3398
1229	15654
1230	16985
1231	16970
1233	16734
1234	42790
1235	122914
1236	192335
1237	195530
1238	191965
1240	162936
1242	7390
1243	17489
1244	19148
1245	18007
1247	18102
1248	17593
1249	18399
1250	19401
1251	19259
