1.0	3855
2.0	3295
3.0	3857
4.0	3703
5.0	1867
6.0	3884
7.0	3907
8.0	3911
9.0	3822
10.0	3818
11.0	3849
12.0	3973
13.0	3810
14.0	3765
15.0	4016
16.0	3814
17.0	3826
18.0	3915
19.0	3857
20.0	3841
21.0	3791
22.0	3981
23.0	3756
24.0	3993
25.0	3853
26.0	3720
27.0	3919
28.0	3869
29.0	3196
30.0	2886
31.0	2571
32.0	2942
33.0	3129
34.0	3062
35.0	3223
36.0	3316
37.0	3706
38.0	3830
39.0	3862
40.0	3586
41.0	4062
42.0	3776
43.0	3911
44.0	3833
45.0	3780
46.0	3889
47.0	3919
48.0	3858
49.0	3872
50.0	3919
51.0	3688
52.0	3728
53.0	4156
54.0	3838
55.0	3911
56.0	3769
57.0	3923
58.0	3814
59.0	3844
60.0	3868
61.0	3783
62.0	4122
63.0	3674
64.0	3870
65.0	3249
66.0	2770
67.0	2916
68.0	2852
69.0	3199
70.0	2295
71.0	2267
72.0	2611
73.0	2485
74.0	2312
75.0	2578
76.0	1842
77.0	2384
78.0	1774
79.0	1704
80.0	2482
81.0	2882
82.0	3013
83.0	2873
84.0	2244
85.0	3723
86.0	2510
87.0	2731
88.0	1507
89.0	1533
90.0	612
91.0	792
92.0	313
93.0	671
94.0	701
95.0	175
96.0	216
97.0	396
98.0	39
99.0	390
100.0	437
101.0	600
102.0	2022
103.0	1768
104.0	1202
105.0	1491
106.0	1311
107.0	722
108.0	1085
109.0	967
110.0	1319
111.0	864
112.0	945
113.0	875
114.0	864
115.0	1155
116.0	782
117.0	875
118.0	1062
119.0	1049
120.0	1179
121.0	1131
122.0	1272
123.0	1168
124.0	479
125.0	490
126.0	362
127.0	735
128.0	840
129.0	623
130.0	596
131.0	536
132.0	548
133.0	432
134.0	561
135.0	958
136.0	1027
137.0	742
138.0	571
139.0	735
140.0	687
141.0	642
142.0	723
143.0	782
144.0	782
145.0	769
146.0	945
147.0	817
148.0	793
149.0	513
150.0	490
151.0	547
152.0	420
153.0	490
154.0	537
155.0	607
156.0	688
157.0	372
158.0	432
159.0	806
160.0	1050
161.0	1484
162.0	1482
163.0	1669
164.0	1205
165.0	1579
166.0	1880
167.0	2080
168.0	1961
169.0	2197
170.0	3397
171.0	2942
172.0	2198
173.0	3117
174.0	2487
175.0	2723
176.0	2562
177.0	2551
178.0	2244
179.0	1494
180.0	2463
181.0	2324
182.0	2561
183.0	2951
184.0	2799
185.0	3094
186.0	3109
187.0	3246
188.0	3301
189.0	2614
190.0	2618
191.0	2676
192.0	2706
193.0	2767
194.0	2895
195.0	3083
196.0	3129
197.0	3460
198.0	3409
199.0	1962
200.0	2650
201.0	2837
202.0	2814
203.0	2310
204.0	2324
205.0	1542
206.0	1599
207.0	1365
208.0	875
209.0	1833
210.0	2197
211.0	2125
212.0	2174
213.0	2115
214.0	2103
215.0	2115
216.0	2136
217.0	2095
218.0	2092
219.0	1868
220.0	1714
221.0	1694
222.0	1800
223.0	1798
224.0	1939
225.0	1891
226.0	1952
227.0	1928
228.0	1788
229.0	1936
230.0	1788
231.0	1613
232.0	1484
233.0	1567
234.0	1719
235.0	1182
236.0	1132
237.0	817
238.0	420
239.0	396
240.0	724
241.0	444
242.0	302
243.0	440
244.0	456
245.0	548
246.0	477
247.0	444
248.0	256
249.0	361
250.0	303
251.0	325
252.0	209
253.0	373
254.0	851
255.0	724
256.0	677
257.0	605
258.0	583
259.0	0
260.0	1068
261.0	794
262.0	1063
263.0	1306
264.0	759
265.0	887
266.0	793
267.0	653
268.0	585
269.0	864
270.0	910
271.0	804
272.0	863
273.0	706
274.0	607
275.0	128
276.0	871
277.0	350
278.0	620
279.0	981
280.0	1413
281.0	1658
282.0	2251
283.0	2311
284.0	2370
285.0	1413
286.0	1448
287.0	1798
288.0	2018
289.0	2533
290.0	2893
291.0	1260
292.0	1144
293.0	1819
294.0	2496
295.0	1694
296.0	1740
297.0	2611
298.0	1892
299.0	2671
300.0	2345
301.0	1436
302.0	3079
303.0	2779
304.0	2473
305.0	2577
306.0	2337
307.0	2010
308.0	2107
309.0	2207
310.0	2209
311.0	2466
312.0	3289
313.0	3449
314.0	2882
315.0	3637
316.0	3982
317.0	3920
318.0	3460
319.0	4133
320.0	1783
321.0	1221
322.0	687
323.0	1015
324.0	1541
325.0	3105
326.0	3586
327.0	3594
328.0	2856
329.0	2443
330.0	2042
331.0	1368
332.0	1833
333.0	1928
334.0	2589
335.0	3243
336.0	1669
337.0	642
338.0	840
339.0	2036
340.0	2557
341.0	2452
342.0	2276
343.0	2181
344.0	2501
345.0	2150
346.0	1870
347.0	1691
348.0	1505
349.0	944
350.0	1110
351.0	1313
352.0	759
353.0	126
354.0	2134
355.0	2503
356.0	3682
357.0	4779
358.0	3337
359.0	2947
360.0	4906
361.0	5165
362.0	5213
363.0	5514
364.0	4728
365.0	5552
366.0	5640
367.0	5078
368.0	4750
369.0	4549
370.0	2627
371.0	1152
372.0	382
373.0	0
374.0	46
375.0	1133
376.0	619
377.0	678
378.0	930
379.0	1172
380.0	1692
381.0	956
382.0	1249
383.0	0
384.0	1009
385.0	1294
386.0	2315
387.0	2905
388.0	3511
389.0	2520
390.0	1879
391.0	2037
392.0	1862
393.0	1398
394.0	412
395.0	93
396.0	1332
397.0	935
398.0	1424
399.0	1954
400.0	1684
401.0	1585
402.0	1914
403.0	2304
404.0	2741
405.0	1681
406.0	1913
407.0	1454
408.0	741
409.0	105
410.0	444
411.0	210
412.0	3401
413.0	3689
414.0	3546
415.0	3595
416.0	3777
417.0	3681
418.0	3764
419.0	3258
420.0	3968
421.0	3764
422.0	4090
423.0	3101
424.0	3365
425.0	1828
426.0	2569
427.0	2349
428.0	2241
429.0	3435
430.0	3083
431.0	2613
432.0	3476
433.0	2778
434.0	2272
435.0	2343
436.0	2541
437.0	2042
438.0	958
439.0	1693
440.0	1563
441.0	1390
442.0	1530
443.0	1618
444.0	1385
445.0	1415
446.0	1296
447.0	1413
448.0	1378
449.0	1108
450.0	1400
451.0	2278
452.0	2324
453.0	1546
454.0	2028
455.0	2483
456.0	1497
457.0	1541
458.0	1714
459.0	2466
460.0	2758
461.0	2653
462.0	3602
463.0	2887
464.0	2466
465.0	3048
466.0	3311
467.0	3316
468.0	2641
469.0	3015
470.0	3231
471.0	2787
472.0	3770
473.0	2933
474.0	3290
475.0	3286
476.0	3960
477.0	3817
478.0	4043
479.0	4466
480.0	3954
481.0	4386
482.0	5001
483.0	3960
484.0	4766
485.0	4047
486.0	4054
487.0	4064
488.0	3962
489.0	3459
490.0	2302
491.0	1764
492.0	4028
493.0	3120
494.0	3738
495.0	4993
496.0	3981
497.0	3338
498.0	897
499.0	245
500.0	5227
501.0	5446
502.0	4606
503.0	4873
504.0	4049
505.0	3547
506.0	5260
507.0	5324
508.0	3789
509.0	5458
510.0	5272
511.0	4853
512.0	4742
513.0	4886
514.0	5048
515.0	4864
516.0	4207
517.0	4892
518.0	4396
519.0	1926
520.0	3264
521.0	3818
522.0	3694
523.0	1438
524.0	1811
525.0	2628
526.0	2574
527.0	2881
528.0	2437
529.0	2692
530.0	3506
531.0	3477
532.0	3172
533.0	3074
534.0	3965
535.0	4254
536.0	3541
537.0	3048
538.0	4150
539.0	4659
540.0	3584
541.0	1309
542.0	2045
543.0	2779
544.0	2989
545.0	4148
546.0	3432
547.0	4179
548.0	3542
549.0	4060
550.0	3919
551.0	4067
552.0	4955
553.0	4342
554.0	4995
555.0	3955
556.0	3808
557.0	4453
558.0	4927
559.0	4515
560.0	4095
561.0	5318
562.0	4664
563.0	2976
564.0	1966
565.0	3868
566.0	3709
567.0	4044
568.0	3773
569.0	3420
570.0	3332
571.0	3287
572.0	2767
573.0	1936
574.0	1741
575.0	1836
576.0	1445
577.0	1581
578.0	2968
579.0	2938
580.0	2208
581.0	2036
582.0	2676
583.0	2150
584.0	3857
585.0	3967
586.0	4642
587.0	3895
588.0	3836
589.0	4686
590.0	3036
591.0	2820
592.0	3510
593.0	3281
594.0	4223
595.0	4562
596.0	4925
597.0	4365
598.0	3558
599.0	4051
600.0	3413
601.0	3804
602.0	2938
603.0	3276
604.0	3872
605.0	3896
606.0	3693
607.0	4199
608.0	4210
609.0	3857
610.0	3857
611.0	2931
612.0	2050
613.0	3098
614.0	3646
615.0	3106
616.0	4110
617.0	3286
618.0	2984
619.0	2459
620.0	3600
621.0	3409
622.0	3985
623.0	3689
624.0	2585
625.0	1994
626.0	2614
627.0	2259
628.0	2717
629.0	2638
630.0	3244
631.0	3554
632.0	3670
633.0	3440
634.0	3758
635.0	3907
636.0	3575
637.0	2530
638.0	1061
639.0	2539
640.0	3538
641.0	2771
642.0	747
643.0	991
644.0	852
645.0	2265
646.0	2646
647.0	3393
648.0	3048
649.0	4103
650.0	4506
651.0	4675
652.0	4574
653.0	5232
654.0	4342
655.0	1981
656.0	3406
657.0	3868
658.0	3823
659.0	3344
660.0	3514
661.0	3957
662.0	4262
663.0	3588
664.0	3813
665.0	3100
666.0	2159
667.0	1744
668.0	1087
669.0	1412
670.0	723
671.0	1987
672.0	3131
673.0	3212
674.0	4088
675.0	4757
676.0	5353
677.0	5006
678.0	5044
679.0	4827
680.0	4501
681.0	4617
682.0	4164
683.0	3627
684.0	2681
685.0	1156
686.0	2009
687.0	5313
688.0	3813
689.0	2802
690.0	2510
691.0	2004
692.0	1238
693.0	2360
694.0	2568
695.0	2592
696.0	2438
697.0	1874
698.0	1072
699.0	561
700.0	1115
701.0	2031
702.0	2031
703.0	2407
704.0	2887
705.0	3050
706.0	2615
707.0	2318
708.0	2394
709.0	2676
710.0	2489
711.0	2594
712.0	2751
712.0	0
713.0	2402
713.0	888
714.0	2352
714.0	2751
715.0	1790
715.0	3366
716.0	151
716.0	3276
717.0	3162
718.0	2571
719.0	2370
720.0	2465
721.0	2435
722.0	2138
723.0	1899
724.0	2103
725.0	2172
726.0	1975
727.0	2099
728.0	2024
729.0	1926
730.0	1811
731.0	2097
732.0	2228
733.0	1948
734.0	1496
735.0	1948
736.0	2281
737.0	1928
738.0	1415
739.0	1996
740.0	2298
741.0	2362
742.0	2337
743.0	2382
744.0	2544
745.0	2587
746.0	3128
747.0	2863
748.0	3107
749.0	3860
750.0	3342
751.0	4233
752.0	3823
753.0	3798
754.0	3837
755.0	3908
756.0	4378
757.0	4330
758.0	5471
759.0	4728
760.0	4420
761.0	4260
762.0	3958
763.0	3962
764.0	4063
765.0	4017
766.0	4223
767.0	4932
768.0	5569
769.0	5038
770.0	5112
771.0	4575
772.0	5424
773.0	5182
774.0	5435
775.0	5289
776.0	4707
777.0	4985
778.0	5581
779.0	5458
780.0	4650
781.0	5482
782.0	5002
783.0	3759
784.0	2583
785.0	4618
786.0	4643
787.0	4961
788.0	5562
789.0	5210
790.0	5208
791.0	5546
792.0	4662
793.0	5243
794.0	5483
795.0	5223
796.0	5472
797.0	5330
798.0	5628
799.0	4869
800.0	5249
801.0	3554
802.0	5231
803.0	4781
804.0	5084
805.0	4972
806.0	5458
807.0	4850
808.0	5575
809.0	5336
810.0	5499
811.0	5552
812.0	5440
813.0	5552
814.0	5546
815.0	4985
816.0	3286
817.0	3260
818.0	3462
819.0	3848
820.0	3978
821.0	3935
822.0	4087
823.0	4285
824.0	4289
825.0	5192
826.0	4349
827.0	4642
828.0	5217
829.0	4229
830.0	4343
831.0	3834
832.0	3273
833.0	3170
834.0	3120
835.0	3674
836.0	3662
837.0	3933
838.0	4048
839.0	4879
840.0	5482
841.0	5418
842.0	5156
843.0	5546
844.0	4780
845.0	1984
846.0	1848
847.0	1815
848.0	1758
849.0	1437
850.0	93
851.0	3041
852.0	4144
853.0	3155
854.0	408
855.0	2138
856.0	3433
857.0	4133
858.0	3942
859.0	4102
860.0	3911
861.0	4398
862.0	4032
863.0	4083
864.0	4402
865.0	4083
866.0	4051
867.0	4045
868.0	3900
869.0	3523
870.0	4044
871.0	3635
872.0	3670
873.0	3974
874.0	3752
875.0	3931
876.0	3681
877.0	3654
878.0	3432
879.0	2616
880.0	1846
881.0	2630
882.0	4060
883.0	4270
884.0	4103
885.0	3039
886.0	3094
887.0	2892
888.0	2510
889.0	1391
890.0	2139
891.0	1627
892.0	688
893.0	1309
894.0	3541
895.0	3374
896.0	1052
897.0	4191
898.0	3585
899.0	3560
900.0	3530
901.0	3791
902.0	3779
903.0	3599
904.0	2921
905.0	2930
906.0	2971
907.0	3114
908.0	2852
909.0	2694
910.0	2472
911.0	1998
912.0	1426
913.0	1154
914.0	1062
915.0	1003
916.0	676
917.0	969
918.0	1377
919.0	1016
920.0	1074
921.0	1026
922.0	1087
923.0	699
924.0	1390
925.0	1180
926.0	888
927.0	1202
928.0	1262
929.0	1312
930.0	1367
931.0	1333
932.0	1415
933.0	1485
934.0	1507
935.0	1623
936.0	1741
937.0	1938
938.0	2197
939.0	2323
940.0	2737
941.0	2618
942.0	2878
943.0	2618
944.0	2924
945.0	2685
946.0	2653
947.0	3038
948.0	3012
949.0	3146
950.0	3207
951.0	2977
952.0	2536
953.0	2033
954.0	2849
955.0	3479
956.0	3456
957.0	2887
958.0	3305
959.0	2089
960.0	1133
961.0	1050
962.0	1179
963.0	1636
964.0	1806
965.0	989
966.0	268
967.0	1156
968.0	1109
969.0	1505
970.0	1482
971.0	1553
972.0	1319
973.0	980
974.0	1341
975.0	303
976.0	397
977.0	1471
978.0	1190
979.0	829
980.0	700
981.0	700
982.0	572
983.0	186
984.0	0
985.0	198
986.0	279
987.0	175
988.0	186
989.0	302
990.0	676
991.0	1085
992.0	677
993.0	629
994.0	3039
995.0	3327
996.0	2534
997.0	3845
998.0	3640
999.0	4172
1000.0	3414
1001.0	2930
1002.0	3246
1003.0	3417
1004.0	3226
1005.0	4479
1006.0	4488
1007.0	5114
1008.0	5283
1009.0	4577
1010.0	4489
